[?25l[0m[38;5;0;48;5;0m▀▀▀▀▀▀▀▀▀▀▀▀▀▀▀▀▀▀▀▀▀▀▀▀▀▀▀▀▀▀▀▀▀▀▀▀▀▀▀▀[0m
[38;5;0;48;5;0m▀▀▀▀▀▀▀▀▀[38;5;246;48;5;251m▀[38;5;251m▀[48;5;240m▀[38;5;248;48;5;237m▀[48;5;236m▀[48;5;235m▀▀[38;5;247;48;5;236m▀[38;5;241;48;5;244m▀[38;5;0;48;5;7m▀[48;5;251m▀[48;5;254m▀[48;5;251m▀[48;5;7m▀[38;5;246;48;5;241m▀[38;5;248;48;5;240m▀[48;5;235m▀▀▀▀[38;5;251;48;5;243m▀[48;5;251m▀[38;5;246m▀[38;5;0;48;5;0m▀▀▀▀▀▀▀▀[0m
[38;5;0;48;5;0m▀▀▀▀▀▀▀▀▀[38;5;250;48;5;241m▀[38;5;243;48;5;7m▀[38;5;244;48;5;0m▀[38;5;0m▀▀▀▀▀▀[38;5;251;48;5;251m▀[48;5;240m▀[48;5;0m▀[48;5;242m▀[38;5;7;48;5;251m▀[38;5;240;48;5;0m▀[38;5;244m▀[38;5;0m▀▀▀▀▀[38;5;251;48;5;251m▀[38;5;246;48;5;0m▀[38;5;0m▀▀▀▀▀▀▀▀[0m
[38;5;0;48;5;0m▀▀▀▀▀▀▀▀▀▀[38;5;251;48;5;145m▀[38;5;0;48;5;0m▀▀▀▀▀[38;5;234m▀[38;5;0;48;5;245m▀[38;5;251;48;5;242m▀[38;5;0;48;5;0m▀▀▀[38;5;7;48;5;242m▀[38;5;0;48;5;102m▀[48;5;0m▀▀▀▀[48;5;236m▀[38;5;233;48;5;244m▀[38;5;251;48;5;242m▀[38;5;0;48;5;0m▀▀▀▀▀▀▀▀▀[0m
[38;5;0;48;5;0m▀▀▀▀▀▀▀▀▀▀▀[38;5;250m▀[38;5;242;48;5;244m▀[38;5;241;48;5;247m▀[48;5;248m▀[48;5;247m▀[38;5;250;48;5;239m▀[38;5;242;48;5;0m▀[38;5;0m▀▀▀▀▀[38;5;246m▀[38;5;249;48;5;239m▀[38;5;242;48;5;247m▀[38;5;241m▀[48;5;246m▀[38;5;250;48;5;239m▀[38;5;249;48;5;0m▀[38;5;0m▀▀▀▀▀▀▀▀▀▀[0m
[38;5;0;48;5;0m▀▀▀▀▀▀▀▀▀▀▀▀▀▀▀▀▀▀▀▀▀▀▀▀▀▀▀▀▀▀▀▀▀▀▀▀▀▀▀▀[0m
[38;5;0;48;5;0m▀▀▀▀▀▀▀▀▀▀▀▀▀▀▀[48;5;232m▀[48;5;0m▀▀▀[48;5;235m▀[48;5;58m▀[48;5;0m▀▀▀▀▀▀▀▀▀▀▀▀▀▀▀▀▀▀▀[0m
[38;5;0;48;5;0m▀▀▀▀▀▀▀▀[48;5;88m▀[38;5;52;48;5;160m▀[38;5;0;48;5;202m▀[48;5;160m▀[38;5;88;48;5;136m▀[38;5;94;48;5;178m▀[38;5;172;48;5;220m▀[48;5;136m▀[38;5;0;48;5;0m▀[48;5;136m▀[38;5;94;48;5;229m▀[48;5;136m▀[38;5;232;48;5;0m▀[38;5;0m▀▀▀▀▀▀▀▀▀▀▀▀▀▀▀▀▀▀▀[0m
[38;5;0;48;5;0m▀▀▀▀▀▀▀[38;5;88;48;5;160m▀[38;5;136;48;5;136m▀[38;5;172;48;5;160m▀[38;5;166;48;5;0m▀▀[38;5;136;48;5;136m▀[38;5;220;48;5;220m▀[38;5;136;48;5;136m▀[38;5;0;48;5;0m▀▀[38;5;136;48;5;94m▀[38;5;229;48;5;136m▀[38;5;136;48;5;0m▀[38;5;0m▀▀▀▀▀▀[48;5;94m▀[38;5;235;48;5;136m▀[38;5;136;48;5;0m▀[38;5;0m▀▀▀▀[48;5;94m▀[38;5;58;48;5;136m▀[38;5;94m▀[38;5;0;48;5;0m▀▀▀▀[0m
[38;5;0;48;5;0m▀▀▀▀▀▀▀[38;5;160m▀▀[38;5;0m▀▀[38;5;136;48;5;136m▀[38;5;178;48;5;220m▀[38;5;136;48;5;202m▀[38;5;0;48;5;0m▀▀[48;5;136m▀[48;5;221m▀[48;5;136m▀[48;5;0m▀▀▀[48;5;136m▀[48;5;178m▀[38;5;178;48;5;229m▀[38;5;172m▀[38;5;136;48;5;178m▀[38;5;234;48;5;58m▀[38;5;0;48;5;178m▀[38;5;236m▀[38;5;232;48;5;236m▀[38;5;0;48;5;0m▀[38;5;94;48;5;136m▀[38;5;220;48;5;229m▀[38;5;222;48;5;220m▀[38;5;136;48;5;94m▀[38;5;0;48;5;0m▀▀▀▀[0m
[38;5;0;48;5;0m▀▀▀▀▀[48;5;232m▀[48;5;0m▀▀▀▀[38;5;136;48;5;136m▀[38;5;178;48;5;178m▀[38;5;220;48;5;9m▀[38;5;9;48;5;88m▀[38;5;0;48;5;0m▀[48;5;136m▀[38;5;172;48;5;220m▀[38;5;229;48;5;136m▀[38;5;136;48;5;94m▀[38;5;0;48;5;0m▀[48;5;136m▀[38;5;136;48;5;220m▀[38;5;229;48;5;178m▀[38;5;221;48;5;94m▀[38;5;136;48;5;0m▀▀[38;5;220;48;5;220m▀[38;5;178m▀[38;5;229;48;5;179m▀[38;5;136;48;5;232m▀[38;5;0;48;5;0m▀▀[38;5;178;48;5;179m▀[38;5;229;48;5;220m▀[38;5;220m▀[38;5;0;48;5;172m▀[48;5;0m▀▀▀▀[0m
[38;5;0;48;5;0m▀▀▀[48;5;88m▀[38;5;88;48;5;202m▀[38;5;1;48;5;160m▀[38;5;0;48;5;0m▀▀▀[38;5;136;48;5;136m▀▀[38;5;178;48;5;202m▀[38;5;9;48;5;88m▀[38;5;0;48;5;0m▀[48;5;124m▀[38;5;172;48;5;136m▀[38;5;220;48;5;178m▀[38;5;136;48;5;94m▀[38;5;0;48;5;0m▀[48;5;236m▀[38;5;178;48;5;178m▀[38;5;220m▀[38;5;136;48;5;94m▀[38;5;0;48;5;0m▀▀▀[38;5;220;48;5;178m▀[38;5;178m▀[38;5;136;48;5;0m▀[38;5;0m▀[48;5;94m▀[38;5;178m▀[38;5;136;48;5;0m▀[38;5;94m▀[38;5;178;48;5;172m▀[38;5;220;48;5;220m▀[38;5;124;48;5;9m▀[38;5;0;48;5;124m▀[38;5;52;48;5;0m▀[38;5;0m▀[0m
[38;5;0;48;5;0m▀▀[38;5;88;48;5;160m▀[38;5;202;48;5;202m▀[48;5;160m▀[38;5;124;48;5;0m▀[38;5;0m▀▀[48;5;52m▀[38;5;136;48;5;166m▀▀[38;5;9;48;5;124m▀[38;5;0;48;5;0m▀▀[38;5;172;48;5;9m▀[38;5;178;48;5;94m▀[38;5;172m▀[38;5;0;48;5;0m▀[48;5;58m▀[38;5;94;48;5;136m▀[38;5;178m▀[38;5;136m▀[38;5;0;48;5;0m▀▀[38;5;234;48;5;94m▀[38;5;220;48;5;136m▀[38;5;178;48;5;220m▀[38;5;172;48;5;136m▀[38;5;0;48;5;94m▀[38;5;94;48;5;172m▀[38;5;136;48;5;130m▀[38;5;0;48;5;136m▀[48;5;94m▀[48;5;0m▀[38;5;94;48;5;94m▀[38;5;136;48;5;136m▀[38;5;9;48;5;9m▀[38;5;124m▀[38;5;0;48;5;0m▀▀[0m
[38;5;0;48;5;0m▀▀[38;5;160;48;5;160m▀[38;5;9;48;5;9m▀[38;5;124;48;5;160m▀[38;5;0;48;5;0m▀▀[48;5;160m▀[38;5;160;48;5;130m▀[38;5;130;48;5;160m▀[38;5;9;48;5;124m▀[38;5;0;48;5;0m▀▀▀[38;5;9;48;5;9m▀[38;5;130;48;5;166m▀[38;5;94;48;5;130m▀▀[38;5;136;48;5;124m▀[38;5;9;48;5;0m▀[38;5;136;48;5;130m▀▀▀[48;5;172m▀[38;5;130;48;5;130m▀[38;5;136;48;5;136m▀[48;5;94m▀[48;5;166m▀[48;5;0m▀[38;5;0m▀[38;5;166;48;5;88m▀[38;5;136;48;5;9m▀[38;5;0;48;5;136m▀▀[38;5;136m▀[38;5;94;48;5;9m▀[38;5;9m▀[38;5;124;48;5;0m▀[38;5;0m▀▀[0m
[38;5;0;48;5;0m▀▀▀[38;5;160;48;5;52m▀▀[48;5;124m▀▀[48;5;52m▀[38;5;94m▀[38;5;1;48;5;0m▀[38;5;0m▀▀▀▀[38;5;124m▀[38;5;9;48;5;52m▀[48;5;0m▀[38;5;52m▀[38;5;0m▀▀[38;5;52m▀[38;5;9m▀▀[38;5;52m▀[38;5;130;48;5;136m▀[48;5;94m▀[38;5;9;48;5;9m▀[48;5;0m▀[38;5;0m▀▀▀[38;5;88m▀[38;5;160m▀[38;5;166m▀[38;5;160m▀[38;5;88m▀[38;5;0m▀▀▀▀[0m
[38;5;0;48;5;0m▀▀▀▀▀▀▀▀▀▀▀▀▀▀▀▀▀▀[38;5;232;48;5;88m▀[48;5;0m▀[38;5;0m▀▀▀[38;5;136;48;5;136m▀[38;5;94;48;5;94m▀[38;5;9;48;5;160m▀[38;5;52;48;5;0m▀[38;5;0m▀▀▀▀▀▀▀▀▀▀▀▀▀[0m
[38;5;0;48;5;0m▀▀▀▀▀▀▀▀▀▀▀▀▀▀▀▀▀▀[38;5;9;48;5;160m▀[38;5;160m▀[38;5;0m▀[48;5;130m▀[38;5;94;48;5;94m▀[48;5;160m▀[38;5;160;48;5;52m▀[38;5;52;48;5;0m▀[38;5;0m▀▀▀▀▀▀▀▀▀▀▀▀▀▀[0m
[38;5;0;48;5;0m▀▀▀▀▀▀▀▀▀▀▀▀▀▀▀▀▀▀[38;5;232m▀[38;5;160m▀▀▀[38;5;124m▀[38;5;52m▀[38;5;0m▀▀▀▀▀▀▀▀▀▀▀▀▀▀▀▀[0m
[38;5;0;48;5;0m▀▀▀▀▀▀▀▀▀▀▀▀▀▀▀▀▀▀▀▀▀▀▀▀▀▀▀▀▀▀▀▀▀▀▀▀▀▀▀▀[0m
[?25h